100
/home/zloyaloha/development/ray-tracing-practice/images/render_%d.png
1080 720 50
15.0 4.5 3.14159    0.0 4.5    0.0 1.0 1.0    0.0 -1.57
0.0 4.5 0.0    0.0 4.5    0.0 1.0 0.0    0.0 -1.57
0.0 0.0 3.0     0.3 0.0 0.0     3.0     1.5     0.1     3
4 0.0 6.0     0.0 0.3 0.0     3.0     1.2     0.1     2
8 0.0 9.0     0.0 0.0 0.3     3.0     1     0.1     1
-15.0 -15.0 -1.0      -15.0 15.0 -1.0       15.0 15.0 -1.0        15.0 -15.0 -1.0 ../floor2.jpg
1.0 1.0 1.0
0.3
4
-15.0 -15.0 1  10.0 10.0 10.0
-15.0 15.0 1   10.0 10.0 10.0
15.0 15.0 1    10.0 10.0 10.0
15.0 -15.0 1   10.0 10.0 10.0
50 50